#Arecibo Legacy Fast ALFA Survey
#http://egg.astro.cornell.edu/alfalfa/
#ASCII Table format
# 
#Observatory:    Arecibo Observatory
#Telescope:      Arecibo Radio Telescope
#Instrument:     ALFA (L-band feed array)
#Beam size:      3.3x3.8 [arcminutes]
#NaNvalue        -999.
#AGC#-ID:        6654
#Common name:    N3815...
#HIsrcname:      HI114139.6+244802
#GRIDname:       1140+25b
#HI_RA:           175.41499  (J2000) decimal degrees
#HI_DEC:           24.80083  (J2000) decimal degrees
#OC_RA:           175.41292  (J2000) decimal degrees
#OC_DEC:           24.80000  (J2000) decimal degrees
#Use_RA:          175.41292  (J2000) decimal degrees
#Use_DEC:          24.80000  (J2000) decimal degrees
#Equinox:        2000.0
#Rest Frequency: 1.4204058e+09 [Hz]
#Bandwidth:      24.975586 [MHz]
#Channels:       1024
#V21sys:         3713  (km/s)
#Detection Code:    1
#Category:       highSNR
#Data archive at http://egg.astro.cornell.edu/alfalfa/data
#Data from the ALFALFA HI Survey a.100 Release Date 2018
#File generated by M.P. Haynes  Tue Mar 13 18:10:29 2018
#This spectrum has been baseline subtracted.
#Table FORMAT:  (f8.1,1x,f12.6,1x,f12.4,1x,f12.4,1x,f12.4)
# 
#Column descriptions:
# 1. Heliocentric velocity [km/s]
# 2. Radio frequency [MHz]
# 3. Flux Density [mJy]
# 4. Subtracted polynomial baseline fit [mJy]
# 5. Normalized spectral weight
# 
####################################################################
# 
  7956.8  1383.681637      -0.6090      -0.2059       1.0000
  7951.3  1383.706051      -0.6924      -0.1967       1.0000
  7945.9  1383.730465      -1.0198      -0.1876       1.0000
  7940.5  1383.754879      -1.1572      -0.1786       1.0000
  7935.0  1383.779293      -0.1426      -0.1697       1.0000
  7929.6  1383.803707      -0.6004      -0.1609       1.0000
  7924.2  1383.828122      -2.3932      -0.1522       1.0000
  7918.7  1383.852536      -1.3469      -0.1435       1.0000
  7913.3  1383.876950       1.5114      -0.1349       1.0000
  7907.9  1383.901364       4.0800      -0.1265       1.0000
  7902.5  1383.925778       4.2303      -0.1181       1.0000
  7897.0  1383.950192       1.1621      -0.1097       1.0000
  7891.6  1383.974606      -0.3477      -0.1015       1.0000
  7886.2  1383.999020      -0.1595      -0.0933       1.0000
  7880.8  1384.023434      -0.7096      -0.0853       1.0000
  7875.3  1384.047848      -2.0790      -0.0773       1.0000
  7869.9  1384.072262      -2.9616      -0.0694       1.0000
  7864.5  1384.096676      -0.9205      -0.0616       1.0000
  7859.0  1384.121090      -0.4870      -0.0538       1.0000
  7853.6  1384.145504      -3.0308      -0.0462       1.0000
  7848.2  1384.169918      -2.7309      -0.0386       1.0000
  7842.8  1384.194332      -1.2336      -0.0311       1.0000
  7837.3  1384.218747      -0.9483      -0.0237       1.0000
  7831.9  1384.243161       0.0293      -0.0164       1.0000
  7826.5  1384.267575      -0.6569      -0.0091       1.0000
  7821.1  1384.291989      -2.5668      -0.0019       1.0000
  7815.6  1384.316403      -0.0841       0.0052       1.0000
  7810.2  1384.340817       2.4147       0.0122       1.0000
  7804.8  1384.365231       4.2102       0.0191       1.0000
  7799.4  1384.389645       4.3053       0.0260       1.0000
  7793.9  1384.414059      -0.6097       0.0328       1.0000
  7788.5  1384.438473      -0.7808       0.0395       1.0000
  7783.1  1384.462887       4.4052       0.0461       1.0000
  7777.7  1384.487301       5.3633       0.0527       1.0000
  7772.2  1384.511715       1.1084       0.0592       1.0000
  7766.8  1384.536129      -1.4975       0.0656       1.0000
  7761.4  1384.560543       0.4392       0.0719       1.0000
  7756.0  1384.584957       2.9226       0.0781       1.0000
  7750.6  1384.609372       2.5988       0.0843       1.0000
  7745.1  1384.633786      -0.2555       0.0904       1.0000
  7739.7  1384.658200      -0.4288       0.0965       1.0000
  7734.3  1384.682614       2.8188       0.1024       1.0000
  7728.9  1384.707028       1.5563       0.1083       1.0000
  7723.4  1384.731442      -1.3326       0.1141       1.0000
  7718.0  1384.755856      -0.9910       0.1198       1.0000
  7712.6  1384.780270      -2.6293       0.1255       1.0000
  7707.2  1384.804684      -1.6082       0.1311       1.0000
  7701.8  1384.829098       1.8491       0.1366       1.0000
  7696.3  1384.853512       2.0024       0.1421       1.0000
  7690.9  1384.877926       0.9241       0.1474       1.0000
  7685.5  1384.902340      -1.5374       0.1528       1.0000
  7680.1  1384.926754      -3.8075       0.1580       1.0000
  7674.7  1384.951168      -4.1588       0.1632       1.0000
  7669.2  1384.975582      -3.3480       0.1682       1.0000
  7663.8  1384.999997      -2.6743       0.1733       1.0000
  7658.4  1385.024411      -2.8668       0.1782       1.0000
  7653.0  1385.048825      -2.1507       0.1831       1.0000
  7647.6  1385.073239      -0.9300       0.1879       1.0000
  7642.1  1385.097653      -0.4637       0.1927       1.0000
  7636.7  1385.122067      -1.1791       0.1974       1.0000
  7631.3  1385.146481      -1.2218       0.2020       1.0000
  7625.9  1385.170895       0.1828       0.2065       1.0000
  7620.5  1385.195309       0.4493       0.2110       1.0000
  7615.0  1385.219723      -0.3871       0.2154       1.0000
  7609.6  1385.244137       0.3776       0.2198       1.0000
  7604.2  1385.268551       1.6275       0.2241       1.0000
  7598.8  1385.292965       0.9465       0.2283       1.0000
  7593.4  1385.317379      -1.0005       0.2324       1.0000
  7588.0  1385.341793      -1.9686       0.2365       1.0000
  7582.5  1385.366207      -1.9526       0.2406       1.0000
  7577.1  1385.390622      -1.6533       0.2445       1.0000
  7571.7  1385.415036      -1.3338       0.2484       1.0000
  7566.3  1385.439450      -0.3352       0.2522       1.0000
  7560.9  1385.463864      -1.3658       0.2560       1.0000
  7555.5  1385.488278      -2.9805       0.2597       1.0000
  7550.0  1385.512692      -4.1734       0.2634       1.0000
  7544.6  1385.537106      -4.6199       0.2669       1.0000
  7539.2  1385.561520      -1.3250       0.2705       1.0000
  7533.8  1385.585934       0.8037       0.2739       1.0000
  7528.4  1385.610348       2.4604       0.2773       1.0000
  7523.0  1385.634762       5.5393       0.2806       1.0000
  7517.6  1385.659176       4.7908       0.2839       1.0000
  7512.1  1385.683590       3.9353       0.2871       1.0000
  7506.7  1385.708004       3.0026       0.2903       1.0000
  7501.3  1385.732418       1.6288       0.2934       1.0000
  7495.9  1385.756832       3.5925       0.2964       1.0000
  7490.5  1385.781247       1.5160       0.2994       1.0000
  7485.1  1385.805661      -5.2074       0.3023       1.0000
  7479.7  1385.830075      -6.5482       0.3051       1.0000
  7474.2  1385.854489      -1.5000       0.3079       1.0000
  7468.8  1385.878903       1.7657       0.3107       1.0000
  7463.4  1385.903317       1.1440       0.3134       1.0000
  7458.0  1385.927731       0.2463       0.3160       1.0000
  7452.6  1385.952145      -0.0583       0.3186       1.0000
  7447.2  1385.976559      -0.0906       0.3211       1.0000
  7441.8  1386.000973       0.7522       0.3235       1.0000
  7436.4  1386.025387       2.5142       0.3259       1.0000
  7430.9  1386.049801       2.6984       0.3283       1.0000
  7425.5  1386.074215      -0.9476       0.3305       1.0000
  7420.1  1386.098629      -3.0767       0.3328       1.0000
  7414.7  1386.123043      -0.1071       0.3349       1.0000
  7409.3  1386.147457       0.6602       0.3371       1.0000
  7403.9  1386.171872      -0.7928       0.3391       1.0000
  7398.5  1386.196286       1.3556       0.3411       1.0000
  7393.1  1386.220700       2.2003       0.3431       1.0000
  7387.7  1386.245114      -0.6677       0.3450       1.0000
  7382.2  1386.269528      -1.7028       0.3469       1.0000
  7376.8  1386.293942      -0.1117       0.3487       1.0000
  7371.4  1386.318356       2.5149       0.3504       1.0000
  7366.0  1386.342770       1.2422       0.3521       1.0000
  7360.6  1386.367184      -1.6166       0.3537       1.0000
  7355.2  1386.391598      -0.4512       0.3553       1.0000
  7349.8  1386.416012       0.2201       0.3569       1.0000
  7344.4  1386.440426      -1.6971       0.3583       1.0000
  7339.0  1386.464840      -1.8972       0.3598       1.0000
  7333.6  1386.489254      -0.5141       0.3612       1.0000
  7328.2  1386.513668       0.2324       0.3625       1.0000
  7322.8  1386.538082      -0.7523       0.3638       1.0000
  7317.3  1386.562497      -0.9598       0.3650       1.0000
  7311.9  1386.586911       0.2471       0.3662       1.0000
  7306.5  1386.611325       1.1937       0.3673       1.0000
  7301.1  1386.635739       3.9046       0.3684       1.0000
  7295.7  1386.660153       4.0926       0.3695       1.0000
  7290.3  1386.684567       1.1623       0.3705       1.0000
  7284.9  1386.708981       1.9236       0.3714       1.0000
  7279.5  1386.733395       1.8748       0.3723       1.0000
  7274.1  1386.757809      -0.5842       0.3732       1.0000
  7268.7  1386.782223      -1.6452       0.3740       1.0000
  7263.3  1386.806637      -2.2419       0.3747       1.0000
  7257.9  1386.831051      -1.4789       0.3754       1.0000
  7252.5  1386.855465       0.8281       0.3761       1.0000
  7247.1  1386.879879       0.6422       0.3767       1.0000
  7241.7  1386.904293      -0.2342       0.3773       1.0000
  7236.3  1386.928707       0.0939       0.3778       1.0000
  7230.8  1386.953122       1.0759       0.3783       1.0000
  7225.4  1386.977536       2.8235       0.3787       1.0000
  7220.0  1387.001950       2.9654       0.3791       1.0000
  7214.6  1387.026364       1.0368       0.3794       1.0000
  7209.2  1387.050778      -0.9598       0.3797       1.0000
  7203.8  1387.075192      -2.2331       0.3800       1.0000
  7198.4  1387.099606      -1.9547       0.3802       1.0000
  7193.0  1387.124020      -0.0369       0.3804       1.0000
  7187.6  1387.148434       2.7473       0.3805       1.0000
  7182.2  1387.172848       4.2916       0.3806       1.0000
  7176.8  1387.197262       2.0452       0.3806       1.0000
  7171.4  1387.221676      -2.5866       0.3806       1.0000
  7166.0  1387.246090      -3.9780       0.3806       1.0000
  7160.6  1387.270504      -1.4701       0.3805       1.0000
  7155.2  1387.294918       0.4849       0.3804       1.0000
  7149.8  1387.319332       0.4035       0.3802       1.0000
  7144.4  1387.343747      -1.3439       0.3800       1.0000
  7139.0  1387.368161      -1.6963       0.3798       1.0000
  7133.6  1387.392575       0.0938       0.3795       1.0000
  7128.2  1387.416989      -0.7161       0.3791       1.0000
  7122.8  1387.441403      -2.7940       0.3788       1.0000
  7117.4  1387.465817      -1.7287       0.3784       1.0000
  7112.0  1387.490231       1.4667       0.3779       1.0000
  7106.6  1387.514645       3.5045       0.3774       1.0000
  7101.2  1387.539059       4.4722       0.3769       1.0000
  7095.8  1387.563473       5.5171       0.3764       1.0000
  7090.4  1387.587887       4.8156       0.3758       1.0000
  7085.0  1387.612301       1.7633       0.3751       1.0000
  7079.6  1387.636715      -1.7104       0.3745       1.0000
  7074.2  1387.661129      -2.6943       0.3737       1.0000
  7068.8  1387.685543      -2.5098       0.3730       1.0000
  7063.4  1387.709957       0.6127       0.3722       1.0000
  7058.0  1387.734372       5.3168       0.3714       1.0000
  7052.6  1387.758786       3.1477       0.3705       1.0000
  7047.2  1387.783200      -0.6169       0.3696       1.0000
  7041.8  1387.807614       1.1191       0.3687       1.0000
  7036.4  1387.832028       3.2268       0.3677       1.0000
  7031.0  1387.856442       1.8116       0.3667       1.0000
  7025.6  1387.880856       0.5207       0.3657       1.0000
  7020.2  1387.905270       0.4698       0.3646       1.0000
  7014.8  1387.929684      -0.4303       0.3635       1.0000
  7009.4  1387.954098      -0.1830       0.3624       1.0000
  7004.0  1387.978512      -0.0394       0.3612       1.0000
  6998.6  1388.002926      -2.2501       0.3600       1.0000
  6993.2  1388.027340      -5.2746       0.3588       1.0000
  6987.8  1388.051754      -5.0765       0.3575       1.0000
  6982.4  1388.076168      -1.0533       0.3562       1.0000
  6977.1  1388.100582       2.3875       0.3549       1.0000
  6971.7  1388.124997       4.0002       0.3535       1.0000
  6966.3  1388.149411       3.3248       0.3521       1.0000
  6960.9  1388.173825       1.8402       0.3507       1.0000
  6955.5  1388.198239      -0.1618       0.3492       1.0000
  6950.1  1388.222653      -1.2568       0.3477       1.0000
  6944.7  1388.247067      -0.1930       0.3462       1.0000
  6939.3  1388.271481       1.3029       0.3446       1.0000
  6933.9  1388.295895       1.9659       0.3430       1.0000
  6928.5  1388.320309      -0.5071       0.3414       1.0000
  6923.1  1388.344723      -1.5053       0.3398       1.0000
  6917.7  1388.369137       1.0854       0.3381       1.0000
  6912.3  1388.393551       3.1860       0.3364       1.0000
  6906.9  1388.417965       3.5702       0.3346       1.0000
  6901.5  1388.442379       2.1574       0.3329       1.0000
  6896.1  1388.466793      -0.6445       0.3311       1.0000
  6890.7  1388.491207      -2.0947       0.3293       1.0000
  6885.4  1388.515622      -0.6434       0.3274       1.0000
  6880.0  1388.540036       0.4726       0.3255       1.0000
  6874.6  1388.564450       0.2022       0.3236       1.0000
  6869.2  1388.588864      -0.6318       0.3217       1.0000
  6863.8  1388.613278      -2.4302       0.3197       1.0000
  6858.4  1388.637692      -4.3147       0.3177       1.0000
  6853.0  1388.662106      -3.9530       0.3157       1.0000
  6847.6  1388.686520      -2.5475       0.3137       1.0000
  6842.2  1388.710934      -2.6764       0.3116       1.0000
  6836.8  1388.735348      -1.8598       0.3095       1.0000
  6831.4  1388.759762      -1.1474       0.3074       1.0000
  6826.1  1388.784176      -0.4889       0.3052       1.0000
  6820.7  1388.808590       2.1644       0.3030       1.0000
  6815.3  1388.833004       3.6027       0.3008       1.0000
  6809.9  1388.857418       2.5684       0.2986       1.0000
  6804.5  1388.881832       1.7021       0.2964       1.0000
  6799.1  1388.906247       3.1609       0.2941       1.0000
  6793.7  1388.930661       4.0515       0.2918       1.0000
  6788.3  1388.955075       5.1806       0.2895       1.0000
  6782.9  1388.979489       3.5473       0.2871       1.0000
  6777.5  1389.003903      -0.5837       0.2848       1.0000
  6772.2  1389.028317       0.9450       0.2824       1.0000
  6766.8  1389.052731       1.7362       0.2800       1.0000
  6761.4  1389.077145      -1.3558       0.2775       1.0000
  6756.0  1389.101559      -3.3952       0.2750       1.0000
  6750.6  1389.125973      -5.6480       0.2726       1.0000
  6745.2  1389.150387      -5.9046       0.2701       1.0000
  6739.8  1389.174801      -3.0057       0.2675       1.0000
  6734.4  1389.199215       0.0728       0.2650       1.0000
  6729.1  1389.223629       1.5569       0.2624       1.0000
  6723.7  1389.248043      -0.6376       0.2598       1.0000
  6718.3  1389.272457      -2.4076       0.2572       1.0000
  6712.9  1389.296872      -2.0107       0.2546       1.0000
  6707.5  1389.321286      -0.9912       0.2519       1.0000
  6702.1  1389.345700       1.8299       0.2492       1.0000
  6696.7  1389.370114       1.2607       0.2465       1.0000
  6691.4  1389.394528      -1.7226       0.2438       1.0000
  6686.0  1389.418942       0.0499       0.2411       1.0000
  6680.6  1389.443356       2.1601       0.2383       1.0000
  6675.2  1389.467770       1.4905       0.2355       1.0000
  6669.8  1389.492184       0.5326       0.2328       1.0000
  6664.4  1389.516598      -0.8302       0.2299       1.0000
  6659.0  1389.541012      -0.6926       0.2271       1.0000
  6653.7  1389.565426      -0.8217       0.2243       1.0000
  6648.3  1389.589840      -1.7641       0.2214       1.0000
  6642.9  1389.614254       0.7845       0.2185       1.0000
  6637.5  1389.638668       1.4509       0.2156       1.0000
  6632.1  1389.663082       0.4151       0.2127       1.0000
  6626.7  1389.687497       2.8206       0.2097       1.0000
  6621.4  1389.711911       3.8588       0.2068       1.0000
  6616.0  1389.736325       3.5240       0.2038       1.0000
  6610.6  1389.760739       1.4343       0.2008       1.0000
  6605.2  1389.785153      -3.0731       0.1978       1.0000
  6599.8  1389.809567      -4.7825       0.1948       1.0000
  6594.4  1389.833981      -2.9107       0.1917       1.0000
  6589.1  1389.858395      -0.3990       0.1887       1.0000
  6583.7  1389.882809       0.9969       0.1856       1.0000
  6578.3  1389.907223      -0.2150       0.1825       1.0000
  6572.9  1389.931637      -3.0198       0.1794       1.0000
  6567.5  1389.956051      -1.2538       0.1763       1.0000
  6562.2  1389.980465       0.8612       0.1732       1.0000
  6556.8  1390.004879      -2.4626       0.1700       1.0000
  6551.4  1390.029293      -3.6292       0.1669       1.0000
  6546.0  1390.053707      -2.2546       0.1637       1.0000
  6540.6  1390.078122      -2.9618       0.1605       1.0000
  6535.3  1390.102536      -1.2650       0.1573       1.0000
  6529.9  1390.126950       1.4407       0.1541       1.0000
  6524.5  1390.151364      -0.1795       0.1509       1.0000
  6519.1  1390.175778      -0.8688       0.1476       1.0000
  6513.7  1390.200192       1.0895       0.1444       1.0000
  6508.4  1390.224606      -0.7029       0.1411       1.0000
  6503.0  1390.249020      -2.7027       0.1378       1.0000
  6497.6  1390.273434      -1.0209       0.1345       1.0000
  6492.2  1390.297848       0.0295       0.1312       1.0000
  6486.8  1390.322262      -0.8235       0.1279       1.0000
  6481.5  1390.346676      -1.9281       0.1246       1.0000
  6476.1  1390.371090      -1.7870       0.1212       1.0000
  6470.7  1390.395504      -0.4666       0.1179       1.0000
  6465.3  1390.419918      -1.9604       0.1145       1.0000
  6460.0  1390.444332      -3.2333       0.1111       1.0000
  6454.6  1390.468747      -0.1976       0.1078       1.0000
  6449.2  1390.493161       0.9550       0.1044       1.0000
  6443.8  1390.517575      -0.1745       0.1010       1.0000
  6438.4  1390.541989       0.6203       0.0975       1.0000
  6433.1  1390.566403       1.0298       0.0941       1.0000
  6427.7  1390.590817      -1.1936       0.0907       1.0000
  6422.3  1390.615231      -1.7307       0.0872       1.0000
  6416.9  1390.639645       1.5331       0.0838       1.0000
  6411.6  1390.664059       0.0957       0.0803       1.0000
  6406.2  1390.688473      -3.0965       0.0768       1.0000
  6400.8  1390.712887      -1.6084       0.0734       1.0000
  6395.4  1390.737301       1.2831       0.0699       1.0000
  6390.1  1390.761715       2.4441       0.0664       1.0000
  6384.7  1390.786129      -1.4659       0.0629       1.0000
  6379.3  1390.810543      -4.1855       0.0593       1.0000
  6373.9  1390.834957      -1.9524       0.0558       1.0000
  6368.6  1390.859372      -1.1791       0.0523       1.0000
  6363.2  1390.883786      -2.9354       0.0487       1.0000
  6357.8  1390.908200      -3.2065       0.0452       1.0000
  6352.4  1390.932614      -0.8002       0.0416       1.0000
  6347.1  1390.957028      -0.8153       0.0381       1.0000
  6341.7  1390.981442      -1.8153       0.0345       1.0000
  6336.3  1391.005856       0.9662       0.0309       1.0000
  6331.0  1391.030270       4.2461       0.0274       1.0000
  6325.6  1391.054684       3.7895       0.0238       1.0000
  6320.2  1391.079098      -0.3209       0.0202       1.0000
  6314.8  1391.103512      -3.9578       0.0166       1.0000
  6309.5  1391.127926      -2.8832       0.0130       1.0000
  6304.1  1391.152340      -0.7932       0.0094       1.0000
  6298.7  1391.176754       0.3141       0.0058       1.0000
  6293.4  1391.201168       1.7826       0.0021       1.0000
  6288.0  1391.225582       0.6656      -0.0015       1.0000
  6282.6  1391.249997      -1.3567      -0.0051       1.0000
  6277.2  1391.274411       1.6993      -0.0087       1.0000
  6271.9  1391.298825       4.6628      -0.0124       1.0000
  6266.5  1391.323239       2.4624      -0.0160       1.0000
  6261.1  1391.347653       0.9529      -0.0197       1.0000
  6255.8  1391.372067       1.6102      -0.0233       1.0000
  6250.4  1391.396481       2.9167      -0.0270       1.0000
  6245.0  1391.420895       4.5605      -0.0306       1.0000
  6239.6  1391.445309       2.0191      -0.0343       1.0000
  6234.3  1391.469723       0.2242      -0.0380       1.0000
  6228.9  1391.494137       1.4303      -0.0416       1.0000
  6223.5  1391.518551      -1.2701      -0.0453       1.0000
  6218.2  1391.542965      -2.6711      -0.0490       1.0000
  6212.8  1391.567379       1.9953      -0.0526       1.0000
  6207.4  1391.591793       5.1058      -0.0563       1.0000
  6202.1  1391.616207       2.6098      -0.0600       1.0000
  6196.7  1391.640622      -2.1277      -0.0637       1.0000
  6191.3  1391.665036      -4.6364      -0.0674       1.0000
  6186.0  1391.689450      -3.8608      -0.0711       1.0000
  6180.6  1391.713864      -1.9156      -0.0747       1.0000
  6175.2  1391.738278      -0.4876      -0.0784       1.0000
  6169.9  1391.762692      -0.3538      -0.0821       1.0000
  6164.5  1391.787106       1.1815      -0.0858       1.0000
  6159.1  1391.811520       3.4008      -0.0895       1.0000
  6153.8  1391.835934       2.0837      -0.0932       1.0000
  6148.4  1391.860348      -0.8377      -0.0969       1.0000
  6143.0  1391.884762      -2.0828      -0.1006       1.0000
  6137.7  1391.909176      -0.6301      -0.1043       1.0000
  6132.3  1391.933590       3.7151      -0.1080       1.0000
  6126.9  1391.958004       4.9175      -0.1117       1.0000
  6121.6  1391.982418       2.4685      -0.1153       1.0000
  6116.2  1392.006832       1.1269      -0.1190       1.0000
  6110.8  1392.031247      -0.0979      -0.1227       1.0000
  6105.5  1392.055661      -0.6027      -0.1264       1.0000
  6100.1  1392.080075       0.2436      -0.1301       1.0000
  6094.7  1392.104489      -0.7348      -0.1338       1.0000
  6089.4  1392.128903      -3.0330      -0.1375       1.0000
  6084.0  1392.153317      -1.9509      -0.1412       1.0000
  6078.6  1392.177731       1.1216      -0.1449       1.0000
  6073.3  1392.202145       2.6581      -0.1485       1.0000
  6067.9  1392.226559       2.4598      -0.1522       1.0000
  6062.6  1392.250973       1.4904      -0.1559       1.0000
  6057.2  1392.275387      -2.9418      -0.1596       1.0000
  6051.8  1392.299801      -5.8651      -0.1632       1.0000
  6046.5  1392.324215      -3.5052      -0.1669       1.0000
  6041.1  1392.348629      -2.0286      -0.1706       1.0000
  6035.7  1392.373043      -1.5881      -0.1743       1.0000
  6030.4  1392.397457      -1.2778      -0.1779       1.0000
  6025.0  1392.421872      -1.2760      -0.1816       1.0000
  6019.7  1392.446286       1.2200      -0.1852       1.0000
  6014.3  1392.470700       2.6950      -0.1889       1.0000
  6008.9  1392.495114       2.7139      -0.1925       1.0000
  6003.6  1392.519528       2.7808      -0.1962       1.0000
  5998.2  1392.543942       2.5809      -0.1998       1.0000
  5992.8  1392.568356       1.6082      -0.2035       1.0000
  5987.5  1392.592770      -0.0945      -0.2071       1.0000
  5982.1  1392.617184      -0.0981      -0.2107       1.0000
  5976.8  1392.641598       1.8141      -0.2144       1.0000
  5971.4  1392.666012       1.2545      -0.2180       1.0000
  5966.0  1392.690426      -1.1720      -0.2216       1.0000
  5960.7  1392.714840      -1.2164      -0.2252       1.0000
  5955.3  1392.739254       0.1640      -0.2288       1.0000
  5950.0  1392.763668       0.7107      -0.2324       1.0000
  5944.6  1392.788082      -0.4245      -0.2360       1.0000
  5939.2  1392.812497      -3.0147      -0.2396       1.0000
  5933.9  1392.836911      -4.7365      -0.2432       1.0000
  5928.5  1392.861325      -4.1368      -0.2468       1.0000
  5923.2  1392.885739      -2.4708      -0.2503       1.0000
  5917.8  1392.910153      -1.4828      -0.2539       1.0000
  5912.5  1392.934567       0.0076      -0.2575       1.0000
  5907.1  1392.958981       2.4463      -0.2610       1.0000
  5901.7  1392.983395       4.4227      -0.2646       1.0000
  5896.4  1393.007809       3.9286      -0.2681       1.0000
  5891.0  1393.032223       1.2084      -0.2717       1.0000
  5885.7  1393.056637      -0.0258      -0.2752       1.0000
  5880.3  1393.081051      -0.3670      -0.2787       1.0000
  5874.9  1393.105465      -1.4341      -0.2822       1.0000
  5869.6  1393.129879      -3.6533      -0.2857       1.0000
  5864.2  1393.154293      -3.9003      -0.2892       1.0000
  5858.9  1393.178707      -1.6352      -0.2927       1.0000
  5853.5  1393.203122      -0.0119      -0.2962       1.0000
  5848.2  1393.227536      -0.0475      -0.2997       1.0000
  5842.8  1393.251950      -1.5271      -0.3032       1.0000
  5837.5  1393.276364      -0.5004      -0.3066       1.0000
  5832.1  1393.300778       2.9595      -0.3101       1.0000
  5826.7  1393.325192       2.1807      -0.3135       1.0000
  5821.4  1393.349606      -1.3057      -0.3170       1.0000
  5816.0  1393.374020      -1.9128      -0.3204       1.0000
  5810.7  1393.398434       0.7325      -0.3238       1.0000
  5805.3  1393.422848       3.4968      -0.3272       1.0000
  5800.0  1393.447262       4.3617      -0.3306       1.0000
  5794.6  1393.471676       2.8784      -0.3340       1.0000
  5789.3  1393.496090       1.5068      -0.3374       1.0000
  5783.9  1393.520504       0.0022      -0.3408       1.0000
  5778.6  1393.544918      -0.3849      -0.3441       1.0000
  5773.2  1393.569332       0.5971      -0.3475       1.0000
  5767.9  1393.593747      -0.2960      -0.3508       1.0000
  5762.5  1393.618161      -0.1778      -0.3542       1.0000
  5757.1  1393.642575       0.7842      -0.3575       1.0000
  5751.8  1393.666989       0.7587      -0.3608       1.0000
  5746.4  1393.691403      -2.3700      -0.3641       1.0000
  5741.1  1393.715817      -5.3093      -0.3674       1.0000
  5735.7  1393.740231      -1.8864      -0.3707       1.0000
  5730.4  1393.764645       1.5846      -0.3740       1.0000
  5725.0  1393.789059      -0.1100      -0.3773       1.0000
  5719.7  1393.813473      -2.7118      -0.3805       1.0000
  5714.3  1393.837887      -2.5676      -0.3838       1.0000
  5709.0  1393.862301      -1.9461      -0.3870       1.0000
  5703.6  1393.886715      -1.2620      -0.3902       1.0000
  5698.3  1393.911129      -0.4512      -0.3934       1.0000
  5692.9  1393.935543      -0.5555      -0.3966       1.0000
  5687.6  1393.959957       1.6357      -0.3998       1.0000
  5682.2  1393.984372       3.7102      -0.4030       1.0000
  5676.9  1394.008786       2.0452      -0.4061       1.0000
  5671.5  1394.033200       0.3907      -0.4093       1.0000
  5666.2  1394.057614       1.0750      -0.4124       1.0000
  5660.8  1394.082028       2.5890      -0.4156       1.0000
  5655.5  1394.106442       4.7298      -0.4187       1.0000
  5650.1  1394.130856       3.9188      -0.4218       1.0000
  5644.8  1394.155270       1.2044      -0.4249       1.0000
  5639.4  1394.179684       0.0988      -0.4280       1.0000
  5634.1  1394.204098       1.8856      -0.4310       1.0000
  5628.7  1394.228512       4.2159      -0.4341       1.0000
  5623.4  1394.252926       2.2958      -0.4371       1.0000
  5618.0  1394.277340      -2.8479      -0.4402       1.0000
  5612.7  1394.301754      -4.7099      -0.4432       1.0000
  5607.3  1394.326168      -2.8869      -0.4462       1.0000
  5602.0  1394.350582      -1.2457      -0.4492       1.0000
  5596.6  1394.374997      -0.0089      -0.4522       1.0000
  5591.3  1394.399411       1.7028      -0.4551       1.0000
  5586.0  1394.423825       0.9043      -0.4581       1.0000
  5580.6  1394.448239      -1.5105      -0.4610       1.0000
  5575.3  1394.472653      -2.1291      -0.4639       1.0000
  5569.9  1394.497067      -1.1197      -0.4668       1.0000
  5564.6  1394.521481      -0.5985      -0.4697       1.0000
  5559.2  1394.545895      -1.8048      -0.4726       1.0000
  5553.9  1394.570309      -2.7072      -0.4755       1.0000
  5548.5  1394.594723      -0.1644      -0.4783       1.0000
  5543.2  1394.619137       3.6919      -0.4812       1.0000
  5537.8  1394.643551       4.3579      -0.4840       1.0000
  5532.5  1394.667965       4.3472      -0.4868       1.0000
  5527.2  1394.692379       3.3848      -0.4896       1.0000
  5521.8  1394.716793      -0.3106      -0.4924       1.0000
  5516.5  1394.741207      -2.0816      -0.4952       1.0000
  5511.1  1394.765622      -1.7795      -0.4979       1.0000
  5505.8  1394.790036      -3.6439      -0.5007       1.0000
  5500.4  1394.814450      -5.0457      -0.5034       1.0000
  5495.1  1394.838864      -4.0908      -0.5061       1.0000
  5489.7  1394.863278      -4.4296      -0.5088       1.0000
  5484.4  1394.887692      -4.2612      -0.5115       1.0000
  5479.1  1394.912106      -1.6938      -0.5141       1.0000
  5473.7  1394.936520       0.1510      -0.5168       1.0000
  5468.4  1394.960934       0.5247      -0.5194       1.0000
  5463.0  1394.985348       0.4344      -0.5220       1.0000
  5457.7  1395.009762      -0.8677      -0.5246       1.0000
  5452.3  1395.034176      -1.3616      -0.5272       1.0000
  5447.0  1395.058590      -0.4007      -0.5298       1.0000
  5441.7  1395.083004      -1.4785      -0.5323       1.0000
  5436.3  1395.107418      -1.8949      -0.5349       1.0000
  5431.0  1395.131832       0.1415      -0.5374       1.0000
  5425.6  1395.156247       4.7811      -0.5399       1.0000
  5420.3  1395.180661       6.1905      -0.5424       1.0000
  5415.0  1395.205075       2.6862      -0.5448       1.0000
  5409.6  1395.229489       1.8921      -0.5473       1.0000
  5404.3  1395.253903       2.5378      -0.5497       1.0000
  5398.9  1395.278317       1.0365      -0.5522       1.0000
  5393.6  1395.302731      -0.9788      -0.5546       1.0000
  5388.3  1395.327145      -0.5083      -0.5569       1.0000
  5382.9  1395.351559      -0.5377      -0.5593       1.0000
  5377.6  1395.375973      -3.4877      -0.5617       1.0000
  5372.2  1395.400387      -2.1648      -0.5640       1.0000
  5366.9  1395.424801       1.3766      -0.5663       1.0000
  5361.6  1395.449215       0.2003      -0.5686       1.0000
  5356.2  1395.473629      -0.4589      -0.5709       1.0000
  5350.9  1395.498043       2.3389      -0.5732       1.0000
  5345.5  1395.522457       1.8857      -0.5754       1.0000
  5340.2  1395.546872      -1.5315      -0.5777       1.0000
  5334.9  1395.571286      -1.2701      -0.5799       1.0000
  5329.5  1395.595700       0.2450      -0.5821       1.0000
  5324.2  1395.620114       2.1735      -0.5843       1.0000
  5318.9  1395.644528       3.7360      -0.5864       1.0000
  5313.5  1395.668942       2.5835      -0.5886       1.0000
  5308.2  1395.693356       0.4709      -0.5907       1.0000
  5302.8  1395.717770      -1.9708      -0.5928       1.0000
  5297.5  1395.742184      -2.9207      -0.5949       1.0000
  5292.2  1395.766598      -2.5038      -0.5970       1.0000
  5286.8  1395.791012      -3.8474      -0.5990       1.0000
  5281.5  1395.815426      -4.3970      -0.6011       1.0000
  5276.2  1395.839840      -2.9967      -0.6031       1.0000
  5270.8  1395.864254       0.4327      -0.6051       1.0000
  5265.5  1395.888668       4.2894      -0.6071       1.0000
  5260.2  1395.913082       1.4925      -0.6090       1.0000
  5254.8  1395.937497      -4.9297      -0.6110       1.0000
  5249.5  1395.961911      -4.3976      -0.6129       1.0000
  5244.2  1395.986325       0.8234      -0.6148       1.0000
  5238.8  1396.010739       2.8113      -0.6167       1.0000
  5233.5  1396.035153       1.7855      -0.6185       1.0000
  5228.1  1396.059567       2.1704      -0.6204       1.0000
  5222.8  1396.083981       2.3460      -0.6222       1.0000
  5217.5  1396.108395       1.4488      -0.6240       1.0000
  5212.1  1396.132809       2.6516      -0.6258       1.0000
  5206.8  1396.157223       3.2154      -0.6276       1.0000
  5201.5  1396.181637       2.8293      -0.6294       1.0000
  5196.1  1396.206051       2.6993      -0.6311       1.0000
  5190.8  1396.230465       1.6561      -0.6328       1.0000
  5185.5  1396.254879       2.9849      -0.6345       1.0000
  5180.1  1396.279293       4.6851      -0.6362       1.0000
  5174.8  1396.303707       3.2558      -0.6378       1.0000
  5169.5  1396.328122       1.5376      -0.6395       1.0000
  5164.2  1396.352536       0.7789      -0.6411       1.0000
  5158.8  1396.376950      -0.1890      -0.6427       1.0000
  5153.5  1396.401364      -2.2360      -0.6443       1.0000
  5148.2  1396.425778      -4.5930      -0.6458       1.0000
  5142.8  1396.450192      -3.3311      -0.6474       1.0000
  5137.5  1396.474606       0.3059      -0.6489       1.0000
  5132.2  1396.499020       1.9853      -0.6504       1.0000
  5126.8  1396.523434       0.7908      -0.6519       1.0000
  5121.5  1396.547848       1.8298      -0.6533       1.0000
  5116.2  1396.572262       4.9422      -0.6547       1.0000
  5110.8  1396.596676       5.4574      -0.6562       1.0000
  5105.5  1396.621090       2.0427      -0.6576       1.0000
  5100.2  1396.645504      -2.3410      -0.6589       1.0000
  5094.9  1396.669918      -3.9471      -0.6603       1.0000
  5089.5  1396.694332      -1.5820      -0.6616       1.0000
  5084.2  1396.718747       0.9441      -0.6629       1.0000
  5078.9  1396.743161       2.7929      -0.6642       1.0000
  5073.5  1396.767575       3.1861      -0.6655       1.0000
  5068.2  1396.791989       0.6823      -0.6668       1.0000
  5062.9  1396.816403      -1.6365      -0.6680       1.0000
  5057.6  1396.840817      -1.6583      -0.6692       1.0000
  5052.2  1396.865231      -1.1277      -0.6704       1.0000
  5046.9  1396.889645      -1.7640      -0.6716       1.0000
  5041.6  1396.914059      -0.6453      -0.6727       1.0000
  5036.2  1396.938473      -0.6214      -0.6739       1.0000
  5030.9  1396.962887      -2.3745      -0.6750       1.0000
  5025.6  1396.987301       0.0572      -0.6761       1.0000
  5020.3  1397.011715       3.4919      -0.6771       1.0000
  5014.9  1397.036129       3.1073      -0.6782       1.0000
  5009.6  1397.060543       0.8435      -0.6792       1.0000
  5004.3  1397.084957       1.4911      -0.6802       1.0000
  4999.0  1397.109372       1.0606      -0.6812       1.0000
  4993.6  1397.133786      -4.4990      -0.6821       1.0000
  4988.3  1397.158200      -6.4708      -0.6831       1.0000
  4983.0  1397.182614      -2.3221      -0.6840       1.0000
  4977.6  1397.207028       2.2007      -0.6849       1.0000
  4972.3  1397.231442       4.3932      -0.6858       1.0000
  4967.0  1397.255856       3.2705      -0.6866       1.0000
  4961.7  1397.280270      -0.1669      -0.6875       1.0000
  4956.3  1397.304684      -3.8724      -0.6883       1.0000
  4951.0  1397.329098      -5.3322      -0.6891       1.0000
  4945.7  1397.353512      -4.1059      -0.6898       1.0000
  4940.4  1397.377926      -2.2494      -0.6906       1.0000
  4935.1  1397.402340      -0.7126      -0.6913       1.0000
  4929.7  1397.426754      -1.2025      -0.6920       1.0000
  4924.4  1397.451168      -1.0005      -0.6927       1.0000
  4919.1  1397.475582       0.6701      -0.6934       1.0000
  4913.8  1397.499997      -0.9374      -0.6940       1.0000
  4908.4  1397.524411      -2.8553      -0.6946       1.0000
  4903.1  1397.548825      -0.7704      -0.6952       1.0000
  4897.8  1397.573239       1.4703      -0.6958       1.0000
  4892.5  1397.597653       1.8144      -0.6964       1.0000
  4887.1  1397.622067       0.7858      -0.6969       1.0000
  4881.8  1397.646481      -2.0295      -0.6974       1.0000
  4876.5  1397.670895      -3.4044      -0.6979       1.0000
  4871.2  1397.695309      -1.5509      -0.6984       1.0000
  4865.9  1397.719723      -0.1882      -0.6988       1.0000
  4860.5  1397.744137      -2.2304      -0.6992       1.0000
  4855.2  1397.768551      -1.5239      -0.6996       1.0000
  4849.9  1397.792965       1.9613      -0.7000       1.0000
  4844.6  1397.817379       2.3096      -0.7004       1.0000
  4839.3  1397.841793       0.3146      -0.7007       1.0000
  4833.9  1397.866207      -2.1852      -0.7010       1.0000
  4828.6  1397.890622      -4.2145      -0.7013       1.0000
  4823.3  1397.915036      -1.7173      -0.7016       1.0000
  4818.0  1397.939450       0.7429      -0.7018       1.0000
  4812.7  1397.963864      -0.4999      -0.7020       1.0000
  4807.3  1397.988278       2.0063      -0.7022       1.0000
  4802.0  1398.012692       4.9962      -0.7024       1.0000
  4796.7  1398.037106       3.7872      -0.7026       1.0000
  4791.4  1398.061520       3.2231      -0.7027       1.0000
  4786.1  1398.085934       1.9656      -0.7028       1.0000
  4780.7  1398.110348      -0.0180      -0.7029       1.0000
  4775.4  1398.134762      -0.3625      -0.7030       1.0000
  4770.1  1398.159176       1.1768      -0.7030       1.0000
  4764.8  1398.183590       1.4099      -0.7031       1.0000
  4759.5  1398.208004      -0.5428      -0.7031       1.0000
  4754.1  1398.232418      -1.5771      -0.7030       1.0000
  4748.8  1398.256832       0.5748      -0.7030       1.0000
  4743.5  1398.281247       3.4905      -0.7029       1.0000
  4738.2  1398.305661       1.3622      -0.7028       1.0000
  4732.9  1398.330075      -2.1296      -0.7027       1.0000
  4727.6  1398.354489      -3.0113      -0.7026       1.0000
  4722.2  1398.378903      -3.2234      -0.7025       1.0000
  4716.9  1398.403317      -2.5275      -0.7023       1.0000
  4711.6  1398.427731      -0.1065      -0.7021       1.0000
  4706.3  1398.452145       1.0706      -0.7019       1.0000
  4701.0  1398.476559      -0.4253      -0.7016       1.0000
  4695.7  1398.500973       2.1567      -0.7014       1.0000
  4690.3  1398.525387       5.6262      -0.7011       1.0000
  4685.0  1398.549801       2.7482      -0.7008       1.0000
  4679.7  1398.574215      -0.3986      -0.7004       1.0000
  4674.4  1398.598629       0.4872      -0.7001       1.0000
  4669.1  1398.623043       3.2889      -0.6997       1.0000
  4663.8  1398.647457       4.0344      -0.6993       1.0000
  4658.5  1398.671872       0.6545      -0.6989       1.0000
  4653.1  1398.696286      -2.5914      -0.6984       1.0000
  4647.8  1398.720700      -2.3461      -0.6980       1.0000
  4642.5  1398.745114      -0.1674      -0.6975       1.0000
  4637.2  1398.769528      -1.5742      -0.6970       1.0000
  4631.9  1398.793942      -3.2736      -0.6964       1.0000
  4626.6  1398.818356      -1.0304      -0.6959       1.0000
  4621.3  1398.842770       0.1785      -0.6953       1.0000
  4616.0  1398.867184       0.5553      -0.6947       1.0000
  4610.6  1398.891598       1.8750      -0.6941       1.0000
  4605.3  1398.916012       0.4383      -0.6934       1.0000
  4600.0  1398.940426      -2.7124      -0.6928       1.0000
  4594.7  1398.964840      -2.8117      -0.6921       1.0000
  4589.4  1398.989254      -0.9987      -0.6914       1.0000
  4584.1  1399.013668      -0.3930      -0.6906       1.0000
  4578.8  1399.038082       1.2303      -0.6899       1.0000
  4573.5  1399.062497       3.8928      -0.6891       1.0000
  4568.1  1399.086911       4.1309      -0.6883       1.0000
  4562.8  1399.111325       1.9617      -0.6875       1.0000
  4557.5  1399.135739       1.3264      -0.6866       1.0000
  4552.2  1399.160153       2.0457      -0.6858       1.0000
  4546.9  1399.184567       1.0023      -0.6849       1.0000
  4541.6  1399.208981      -0.0894      -0.6840       1.0000
  4536.3  1399.233395      -2.0137      -0.6830       1.0000
  4531.0  1399.257809      -3.7143      -0.6821       1.0000
  4525.7  1399.282223      -2.5058      -0.6811       1.0000
  4520.4  1399.306637      -1.4354      -0.6801       1.0000
  4515.0  1399.331051      -1.6463      -0.6791       1.0000
  4509.7  1399.355465      -0.8570      -0.6780       1.0000
  4504.4  1399.379879      -1.1306      -0.6770       1.0000
  4499.1  1399.404293      -1.6114      -0.6759       1.0000
  4493.8  1399.428707       0.0217      -0.6748       1.0000
  4488.5  1399.453122       0.4405      -0.6736       1.0000
  4483.2  1399.477536       1.3230      -0.6725       1.0000
  4477.9  1399.501950       1.9094      -0.6713       1.0000
  4472.6  1399.526364       2.1781      -0.6701       1.0000
  4467.3  1399.550778       4.3924      -0.6689       1.0000
  4462.0  1399.575192       5.6091      -0.6676       1.0000
  4456.7  1399.599606       4.1082      -0.6664       1.0000
  4451.3  1399.624020       0.8817      -0.6651       1.0000
  4446.0  1399.648434      -1.6005      -0.6638       1.0000
  4440.7  1399.672848       0.9427      -0.6625       1.0000
  4435.4  1399.697262       3.1255      -0.6611       1.0000
  4430.1  1399.721676       2.0775      -0.6597       1.0000
  4424.8  1399.746090       1.2485      -0.6583       1.0000
  4419.5  1399.770504       2.2790      -0.6569       1.0000
  4414.2  1399.794918       2.3720      -0.6555       1.0000
  4408.9  1399.819332      -0.7809      -0.6540       1.0000
  4403.6  1399.843747      -0.7691      -0.6525       1.0000
  4398.3  1399.868161       0.5569      -0.6510       1.0000
  4393.0  1399.892575      -1.1761      -0.6495       1.0000
  4387.7  1399.916989       0.4119      -0.6480       1.0000
  4382.4  1399.941403       2.5570      -0.6464       1.0000
  4377.1  1399.965817       1.5064      -0.6448       1.0000
  4371.8  1399.990231       1.7137      -0.6432       1.0000
  4366.5  1400.014645       3.4187      -0.6415       1.0000
  4361.2  1400.039059       1.2285      -0.6399       1.0000
  4355.8  1400.063473      -2.3843      -0.6382       1.0000
  4350.5  1400.087887      -3.7849      -0.6365       1.0000
  4345.2  1400.112301      -4.3980      -0.6348       1.0000
  4339.9  1400.136715      -4.7773      -0.6331       1.0000
  4334.6  1400.161129      -5.4505      -0.6313       1.0000
  4329.3  1400.185543      -1.0883      -0.6295       1.0000
  4324.0  1400.209957       5.5987      -0.6277       1.0000
  4318.7  1400.234372       4.6537      -0.6259       1.0000
  4313.4  1400.258786       0.1663      -0.6240       1.0000
  4308.1  1400.283200      -1.8747      -0.6222       1.0000
  4302.8  1400.307614      -2.7923      -0.6203       1.0000
  4297.5  1400.332028      -3.0276      -0.6184       1.0000
  4292.2  1400.356442      -0.7442      -0.6164       1.0000
  4286.9  1400.380856       0.2581      -0.6145       1.0000
  4281.6  1400.405270      -1.7531      -0.6125       1.0000
  4276.3  1400.429684      -3.3432      -0.6105       1.0000
  4271.0  1400.454098      -3.4492      -0.6085       1.0000
  4265.7  1400.478512      -2.6323      -0.6065       1.0000
  4260.4  1400.502926       0.0488      -0.6044       1.0000
  4255.1  1400.527340       2.5102      -0.6023       1.0000
  4249.8  1400.551754       1.2053      -0.6002       1.0000
  4244.5  1400.576168      -1.7162      -0.5981       1.0000
  4239.2  1400.600582      -1.8821      -0.5960       1.0000
  4233.9  1400.624997       0.2343      -0.5938       1.0000
  4228.6  1400.649411       3.1805      -0.5917       1.0000
  4223.3  1400.673825       1.8402      -0.5895       1.0000
  4218.0  1400.698239      -2.4442      -0.5872       1.0000
  4212.7  1400.722653      -0.6402      -0.5850       1.0000
  4207.4  1400.747067       0.9449      -0.5827       1.0000
  4202.1  1400.771481      -1.6099      -0.5805       1.0000
  4196.8  1400.795895       0.0619      -0.5782       1.0000
  4191.5  1400.820309       1.9213      -0.5758       1.0000
  4186.2  1400.844723       2.4263      -0.5735       1.0000
  4180.9  1400.869137       2.0474      -0.5711       1.0000
  4175.6  1400.893551      -0.1082      -0.5687       1.0000
  4170.3  1400.917965      -0.2619      -0.5663       1.0000
  4165.0  1400.942379       0.7500      -0.5639       1.0000
  4159.7  1400.966793      -1.3451      -0.5615       1.0000
  4154.4  1400.991207      -2.1248      -0.5590       1.0000
  4149.1  1401.015622      -1.0764      -0.5565       1.0000
  4143.8  1401.040036      -0.6905      -0.5540       1.0000
  4138.6  1401.064450      -0.9907      -0.5515       1.0000
  4133.3  1401.088864      -4.5459      -0.5490       1.0000
  4128.0  1401.113278      -7.4313      -0.5464       1.0000
  4122.7  1401.137692      -4.0854      -0.5439       1.0000
  4117.4  1401.162106       0.3129      -0.5413       1.0000
  4112.1  1401.186520      -0.7200      -0.5386       1.0000
  4106.8  1401.210934      -4.6933      -0.5360       1.0000
  4101.5  1401.235348      -5.6556      -0.5333       1.0000
  4096.2  1401.259762      -4.2078      -0.5307       1.0000
  4090.9  1401.284176      -2.4085      -0.5280       1.0000
  4085.6  1401.308590      -0.0443      -0.5253       1.0000
  4080.3  1401.333004       2.2167      -0.5225       1.0000
  4075.0  1401.357418       2.4149      -0.5198       1.0000
  4069.7  1401.381832       0.2211      -0.5170       1.0000
  4064.4  1401.406247      -1.2951      -0.5142       1.0000
  4059.1  1401.430661      -1.0800      -0.5114       1.0000
  4053.8  1401.455075      -0.7381      -0.5086       1.0000
  4048.5  1401.479489       1.2644      -0.5058       1.0000
  4043.3  1401.503903       2.2634      -0.5029       1.0000
  4038.0  1401.528317       1.8200      -0.5000       1.0000
  4032.7  1401.552731       2.1371      -0.4971       1.0000
  4027.4  1401.577145       2.1911      -0.4942       1.0000
  4022.1  1401.601559       0.3539      -0.4913       1.0000
  4016.8  1401.625973      -1.3429      -0.4883       1.0000
  4011.5  1401.650387      -1.5780      -0.4854       1.0000
  4006.2  1401.674801      -0.2768      -0.4824       1.0000
  4000.9  1401.699215       1.0119      -0.4794       1.0000
  3995.6  1401.723629       0.5543      -0.4763       1.0000
  3990.3  1401.748043       1.5898      -0.4733       1.0000
  3985.0  1401.772457       4.3894      -0.4702       1.0000
  3979.8  1401.796872       1.8313      -0.4672       1.0000
  3974.5  1401.821286      -3.4829      -0.4641       1.0000
  3969.2  1401.845700      -4.2286      -0.4609       1.0000
  3963.9  1401.870114      -1.4207      -0.4578       1.0000
  3958.6  1401.894528       0.0719      -0.4547       1.0000
  3953.3  1401.918942      -1.5287      -0.4515       1.0000
  3948.0  1401.943356      -2.6571      -0.4483       1.0000
  3942.7  1401.967770      -1.4483      -0.4451       1.0000
  3937.4  1401.992184      -1.1170      -0.4419       1.0000
  3932.1  1402.016598       1.2293      -0.4387       1.0000
  3926.9  1402.041012       5.3982      -0.4354       1.0000
  3921.6  1402.065426       6.6447      -0.4322       1.0000
  3916.3  1402.089840       6.2662      -0.4289       1.0000
  3911.0  1402.114254       5.3298      -0.4256       1.0000
  3905.7  1402.138668       4.6161      -0.4223       1.0000
  3900.4  1402.163082       7.4539      -0.4189       1.0000
  3895.1  1402.187497      10.9464      -0.4156       1.0000
  3889.8  1402.211911      13.7922      -0.4122       1.0000
  3884.6  1402.236325      15.9686      -0.4088       1.0000
  3879.3  1402.260739      17.1683      -0.4054       1.0000
  3874.0  1402.285153      19.6018      -0.4020       1.0000
  3868.7  1402.309567      22.9930      -0.3986       1.0000
  3863.4  1402.333981      23.1743      -0.3952       1.0000
  3858.1  1402.358395      22.6731      -0.3917       1.0000
  3852.8  1402.382809      24.6353      -0.3882       1.0000
  3847.5  1402.407223      26.9302      -0.3847       1.0000
  3842.3  1402.431637      28.2139      -0.3812       1.0000
  3837.0  1402.456051      29.5786      -0.3777       1.0000
  3831.7  1402.480465      29.3139      -0.3742       1.0000
  3826.4  1402.504879      26.2760      -0.3706       1.0000
  3821.1  1402.529293      24.2274      -0.3670       1.0000
  3815.8  1402.553707      23.7247      -0.3635       1.0000
  3810.5  1402.578122      24.4346      -0.3599       1.0000
  3805.3  1402.602536      24.6855      -0.3562       1.0000
  3800.0  1402.626950      25.0001      -0.3526       1.0000
  3794.7  1402.651364      28.0712      -0.3490       1.0000
  3789.4  1402.675778      28.8232      -0.3453       1.0000
  3784.1  1402.700192      27.6887      -0.3417       1.0000
  3778.8  1402.724606      27.5492      -0.3380       1.0000
  3773.6  1402.749020      31.1403      -0.3343       1.0000
  3768.3  1402.773434      33.0822      -0.3306       1.0000
  3763.0  1402.797848      30.8281      -0.3268       1.0000
  3757.7  1402.822262      28.5621      -0.3231       1.0000
  3752.4  1402.846676      26.3100      -0.3193       1.0000
  3747.1  1402.871090      25.5539      -0.3156       1.0000
  3741.9  1402.895504      25.5867      -0.3118       1.0000
  3736.6  1402.919918      23.5262      -0.3080       1.0000
  3731.3  1402.944332      22.1649      -0.3042       1.0000
  3726.0  1402.968747      21.9931      -0.3003       1.0000
  3720.7  1402.993161      22.2439      -0.2965       1.0000
  3715.5  1403.017575      22.1678      -0.2927       1.0000
  3710.2  1403.041989      23.2960      -0.2888       1.0000
  3704.9  1403.066403      25.5023      -0.2849       1.0000
  3699.6  1403.090817      27.9045      -0.2810       1.0000
  3694.3  1403.115231      28.2267      -0.2771       1.0000
  3689.0  1403.139645      25.2909      -0.2732       1.0000
  3683.8  1403.164059      23.1228      -0.2693       1.0000
  3678.5  1403.188473      22.8058      -0.2653       1.0000
  3673.2  1403.212887      24.5673      -0.2614       1.0000
  3667.9  1403.237301      25.2259      -0.2574       1.0000
  3662.6  1403.261715      22.3356      -0.2534       1.0000
  3657.4  1403.286129      19.8880      -0.2495       1.0000
  3652.1  1403.310543      24.3877      -0.2455       1.0000
  3646.8  1403.334957      35.7389      -0.2415       1.0000
  3641.5  1403.359372      40.3284      -0.2374       1.0000
  3636.3  1403.383786      37.2158      -0.2334       1.0000
  3631.0  1403.408200      33.7931      -0.2293       1.0000
  3625.7  1403.432614      29.9791      -0.2253       1.0000
  3620.4  1403.457028      25.5744      -0.2212       1.0000
  3615.1  1403.481442      25.6782      -0.2171       1.0000
  3609.9  1403.505856      26.5366      -0.2130       1.0000
  3604.6  1403.530270      25.3475      -0.2089       1.0000
  3599.3  1403.554684      24.3010      -0.2048       1.0000
  3594.0  1403.579098      23.8466      -0.2007       1.0000
  3588.8  1403.603512      26.1812      -0.1966       1.0000
  3583.5  1403.627926      26.7369      -0.1924       1.0000
  3578.2  1403.652340      26.1792      -0.1883       1.0000
  3572.9  1403.676754      29.2227      -0.1841       1.0000
  3567.6  1403.701168      30.4153      -0.1799       1.0000
  3562.4  1403.725582      29.2227      -0.1758       1.0000
  3557.1  1403.749997      28.3611      -0.1716       1.0000
  3551.8  1403.774411      25.8900      -0.1674       1.0000
  3546.5  1403.798825      21.1279      -0.1631       1.0000
  3541.3  1403.823239      15.1652      -0.1589       1.0000
  3536.0  1403.847653       9.8332      -0.1547       1.0000
  3530.7  1403.872067       5.9846      -0.1504       1.0000
  3525.4  1403.896481       1.4646      -0.1462       1.0000
  3520.2  1403.920895      -1.0853      -0.1419       1.0000
  3514.9  1403.945309       0.5814      -0.1377       1.0000
  3509.6  1403.969723       3.5709      -0.1334       1.0000
  3504.3  1403.994137       3.9285      -0.1291       1.0000
  3499.1  1404.018551       2.2242      -0.1248       1.0000
  3493.8  1404.042965       0.7444      -0.1205       1.0000
  3488.5  1404.067379       0.3423      -0.1162       1.0000
  3483.3  1404.091793       1.3169      -0.1119       1.0000
  3478.0  1404.116207       0.3747      -0.1076       1.0000
  3472.7  1404.140622       0.5500      -0.1032       1.0000
  3467.4  1404.165036       4.2787      -0.0989       1.0000
  3462.2  1404.189450       5.1359      -0.0945       1.0000
  3456.9  1404.213864       4.5389      -0.0902       1.0000
  3451.6  1404.238278       4.5124      -0.0858       1.0000
  3446.3  1404.262692       3.9252      -0.0814       1.0000
  3441.1  1404.287106       2.6153      -0.0771       1.0000
  3435.8  1404.311520       2.1339      -0.0727       1.0000
  3430.5  1404.335934       2.6880      -0.0683       1.0000
  3425.3  1404.360348       1.2203      -0.0639       1.0000
  3420.0  1404.384762      -1.2516      -0.0595       1.0000
  3414.7  1404.409176      -1.0333      -0.0551       1.0000
  3409.4  1404.433590       0.0878      -0.0507       1.0000
  3404.2  1404.458004       1.6633      -0.0462       1.0000
  3398.9  1404.482418       2.5463      -0.0418       1.0000
  3393.6  1404.506832      -0.0768      -0.0374       1.0000
  3388.4  1404.531247       0.3752      -0.0329       1.0000
  3383.1  1404.555661       3.1056      -0.0285       1.0000
  3377.8  1404.580075       2.5167      -0.0240       1.0000
  3372.6  1404.604489       0.2998      -0.0196       1.0000
  3367.3  1404.628903      -2.6058      -0.0151       1.0000
  3362.0  1404.653317      -1.9766      -0.0107       1.0000
  3356.7  1404.677731       1.5767      -0.0062       1.0000
  3351.5  1404.702145       2.8480      -0.0017       1.0000
  3346.2  1404.726559       0.2532       0.0028       1.0000
  3340.9  1404.750973      -0.2803       0.0073       1.0000
  3335.7  1404.775387       1.5833       0.0117       1.0000
  3330.4  1404.799801       3.0369       0.0162       1.0000
  3325.1  1404.824215       5.6415       0.0207       1.0000
  3319.9  1404.848629       3.4505       0.0252       1.0000
  3314.6  1404.873043      -2.4215       0.0297       1.0000
  3309.3  1404.897457      -3.5293       0.0342       1.0000
  3304.1  1404.921872      -3.3791       0.0388       1.0000
  3298.8  1404.946286      -1.7750       0.0433       1.0000
  3293.5  1404.970700       0.1132       0.0478       1.0000
  3288.3  1404.995114      -0.6678       0.0523       1.0000
  3283.0  1405.019528      -1.1140       0.0568       1.0000
  3277.7  1405.043942       0.2661       0.0614       1.0000
  3272.5  1405.068356       0.7212       0.0659       1.0000
  3267.2  1405.092770       0.2588       0.0704       1.0000
  3261.9  1405.117184      -0.4169       0.0749       1.0000
  3256.7  1405.141598      -1.9912       0.0795       1.0000
  3251.4  1405.166012      -2.3693       0.0840       1.0000
  3246.1  1405.190426      -1.9971       0.0885       1.0000
  3240.9  1405.214840      -1.9438       0.0931       1.0000
  3235.6  1405.239254      -0.1764       0.0976       1.0000
  3230.3  1405.263668       0.4424       0.1022       1.0000
  3225.1  1405.288082      -1.7349       0.1067       1.0000
  3219.8  1405.312497      -3.1370       0.1113       1.0000
  3214.6  1405.336911      -2.1397       0.1158       1.0000
  3209.3  1405.361325      -2.0222       0.1203       1.0000
  3204.0  1405.385739       1.3983       0.1249       1.0000
  3198.8  1405.410153       3.6575       0.1294       1.0000
  3193.5  1405.434567       0.2053       0.1340       1.0000
  3188.2  1405.458981      -0.1774       0.1385       1.0000
  3183.0  1405.483395       1.7484       0.1431       1.0000
  3177.7  1405.507809       1.2921       0.1476       1.0000
  3172.4  1405.532223       1.8828       0.1521       1.0000
  3167.2  1405.556637       3.1562       0.1567       1.0000
  3161.9  1405.581051       2.2455       0.1612       1.0000
  3156.7  1405.605465       2.4228       0.1658       1.0000
  3151.4  1405.629879       1.8123       0.1703       1.0000
  3146.1  1405.654293      -1.8200       0.1748       1.0000
  3140.9  1405.678707      -1.1595       0.1794       1.0000
  3135.6  1405.703122       1.6166       0.1839       1.0000
  3130.4  1405.727536      -0.4779       0.1885       1.0000
  3125.1  1405.751950      -2.8553       0.1930       1.0000
  3119.8  1405.776364      -2.6153       0.1975       1.0000
  3114.6  1405.800778      -2.5460       0.2020       1.0000
  3109.3  1405.825192      -2.1717       0.2066       1.0000
  3104.0  1405.849606      -1.6659       0.2111       1.0000
  3098.8  1405.874020       0.2736       0.2156       1.0000
  3093.5  1405.898434       1.0566       0.2201       1.0000
  3088.3  1405.922848      -2.5550       0.2246       1.0000
  3083.0  1405.947262      -3.9465       0.2291       1.0000
  3077.8  1405.971676       1.1591       0.2336       1.0000
  3072.5  1405.996090       4.5436       0.2381       1.0000
  3067.2  1406.020504       2.8499       0.2426       1.0000
  3062.0  1406.044918       0.5390       0.2471       1.0000
  3056.7  1406.069332       0.3074       0.2516       1.0000
  3051.5  1406.093747       1.6104       0.2561       1.0000
  3046.2  1406.118161       0.6750       0.2606       1.0000
  3040.9  1406.142575      -2.3188       0.2650       1.0000
  3035.7  1406.166989      -2.9271       0.2695       1.0000
  3030.4  1406.191403      -1.7591       0.2740       1.0000
  3025.2  1406.215817      -0.1326       0.2784       1.0000
  3019.9  1406.240231       0.1600       0.2829       1.0000
  3014.7  1406.264645      -1.6112       0.2873       1.0000
  3009.4  1406.289059      -2.5500       0.2918       1.0000
  3004.1  1406.313473      -0.5011       0.2962       1.0000
  2998.9  1406.337887       1.2058       0.3006       1.0000
  2993.6  1406.362301       1.1435       0.3051       1.0000
  2988.4  1406.386715       0.0702       0.3095       1.0000
  2983.1  1406.411129      -1.6394       0.3139       1.0000
  2977.9  1406.435543      -1.0494       0.3183       1.0000
  2972.6  1406.459957       0.5953       0.3227       1.0000
  2967.3  1406.484372       0.9074       0.3271       1.0000
  2962.1  1406.508786       2.3217       0.3314       1.0000
  2956.8  1406.533200       3.1065       0.3358       1.0000
  2951.6  1406.557614       1.0513       0.3402       1.0000
  2946.3  1406.582028      -1.9215       0.3445       1.0000
  2941.1  1406.606442      -3.1330       0.3489       1.0000
  2935.8  1406.630856      -2.3797       0.3532       1.0000
  2930.6  1406.655270      -1.7527       0.3575       1.0000
  2925.3  1406.679684       0.0313       0.3618       1.0000
  2920.1  1406.704098       1.9420       0.3662       1.0000
  2914.8  1406.728512       1.0881       0.3705       1.0000
  2909.5  1406.752926       1.0955       0.3748       1.0000
  2904.3  1406.777340       2.7905       0.3790       1.0000
  2899.0  1406.801754       2.5422       0.3833       1.0000
  2893.8  1406.826168       0.4300       0.3876       1.0000
  2888.5  1406.850582      -1.5509       0.3918       1.0000
  2883.3  1406.874997      -1.1044       0.3961       1.0000
  2878.0  1406.899411       2.3287       0.4003       1.0000
  2872.8  1406.923825       3.5460       0.4045       1.0000
  2867.5  1406.948239       0.2926       0.4087       1.0000
  2862.3  1406.972653      -0.5324       0.4129       1.0000
  2857.0  1406.997067       1.0919       0.4171       1.0000
  2851.8  1407.021481       0.0583       0.4213       1.0000
  2846.5  1407.045895      -2.1736       0.4254       1.0000
  2841.3  1407.070309      -4.9333       0.4296       1.0000
  2836.0  1407.094723      -4.9221       0.4337       1.0000
  2830.8  1407.119137      -0.7714       0.4379       1.0000
  2825.5  1407.143551      -0.3223       0.4420       1.0000
  2820.3  1407.167965      -4.3418       0.4461       1.0000
  2815.0  1407.192379      -4.9403       0.4502       1.0000
  2809.8  1407.216793      -0.8177       0.4542       1.0000
  2804.5  1407.241207       5.4796       0.4583       1.0000
  2799.3  1407.265622       7.0167       0.4623       1.0000
  2794.0  1407.290036       1.8037       0.4664       1.0000
  2788.8  1407.314450      -3.2813       0.4704       1.0000
  2783.5  1407.338864      -3.9726       0.4744       1.0000
  2778.3  1407.363278      -1.7831       0.4784       1.0000
  2773.0  1407.387692      -1.1196       0.4824       1.0000
  2767.8  1407.412106      -1.4965       0.4863       1.0000
  2762.5  1407.436520      -1.4145       0.4903       1.0000
  2757.3  1407.460934      -2.2730       0.4942       1.0000
  2752.0  1407.485348      -2.1727       0.4981       1.0000
  2746.8  1407.509762      -0.4385       0.5020       1.0000
  2741.5  1407.534176      -0.5963       0.5059       1.0000
  2736.3  1407.558590      -1.1015       0.5097       1.0000
  2731.0  1407.583004       1.0500       0.5136       1.0000
  2725.8  1407.607418       3.7370       0.5174       1.0000
  2720.5  1407.631832       2.7752       0.5212       1.0000
  2715.3  1407.656247      -1.1271       0.5250       1.0000
  2710.1  1407.680661      -1.0040       0.5288       1.0000
  2704.8  1407.705075       2.1236       0.5326       1.0000
  2699.6  1407.729489       1.4929       0.5363       1.0000
  2694.3  1407.753903       1.0466       0.5401       1.0000
  2689.1  1407.778317       4.6042       0.5438       1.0000
  2683.8  1407.802731       3.0253       0.5475       1.0000
  2678.6  1407.827145      -0.9386       0.5511       1.0000
  2673.3  1407.851559      -0.1759       0.5548       1.0000
  2668.1  1407.875973       0.6466       0.5584       1.0000
  2662.8  1407.900387      -0.5743       0.5620       1.0000
  2657.6  1407.924801      -0.4528       0.5656       1.0000
  2652.4  1407.949215       0.2196       0.5692       1.0000
  2647.1  1407.973629       0.4195       0.5728       1.0000
  2641.9  1407.998043      -1.6149       0.5763       1.0000
  2636.6  1408.022457      -1.5067       0.5798       1.0000
  2631.4  1408.046872       2.3384       0.5833       1.0000
  2626.1  1408.071286       2.0598       0.5868       1.0000
  2620.9  1408.095700       0.0495       0.5903       1.0000
  2615.6  1408.120114       2.3858       0.5937       1.0000
  2610.4  1408.144528       3.9279       0.5971       1.0000
  2605.2  1408.168942      -0.6547       0.6005       1.0000
  2599.9  1408.193356      -7.0561       0.6039       1.0000
  2594.7  1408.217770      -7.0953       0.6072       1.0000
  2589.4  1408.242184      -3.4250       0.6105       1.0000
  2584.2  1408.266598      -1.6950       0.6138       1.0000
  2578.9  1408.291012      -1.0080       0.6171       1.0000
  2573.7  1408.315426      -1.0207       0.6204       1.0000
  2568.5  1408.339840      -2.4372       0.6236       1.0000
  2563.2  1408.364254      -1.5711       0.6268       1.0000
  2558.0  1408.388668       0.6789       0.6300       1.0000
  2552.7  1408.413082       2.3006       0.6331       1.0000
  2547.5  1408.437497       2.1245       0.6363       1.0000
  2542.3  1408.461911      -0.4084       0.6394       1.0000
  2537.0  1408.486325      -0.6040       0.6425       1.0000
  2531.8  1408.510739       2.2827       0.6455       1.0000
  2526.5  1408.535153       2.6978       0.6486       1.0000
  2521.3  1408.559567       1.8051       0.6516       1.0000
  2516.1  1408.583981       1.2599       0.6546       1.0000
  2510.8  1408.608395      -1.2513       0.6575       1.0000
  2505.6  1408.632809      -2.5171       0.6605       1.0000
  2500.3  1408.657223      -0.9985       0.6634       1.0000
